-2 17 30 10 -3 -11 -14 -7
-8 12 32 13 -1 -10 -12 -7
-15 7 28 19 1 -8 -11 -8
-22 1 21 26 6 -5 -10 -9
-27 -4 16 29 9 -3 -9 -9
-32 -9 12 28 14 0 -8 -9
-39 -15 7 22 22 3 -6 -9
-40 -21 2 18 26 6 -4 -9
-40 -26 -2 15 27 11 -2 -8
-30 -34 -8 10 22 20 1 -7
-22 -36 -14 5 18 24 4 -5
-15 -29 -26 0 15 25 10 -2
-7 -24 -32 -6 11 21 18 0
0 -18 -27 -20 4 18 23 6
7 -11 -23 -27 -1 13 20 15
15 -5 -19 -25 -16 7 18 21
23 1 -14 -22 -23 1 14 19
29 7 -9 -20 -27 -4 11 17
37 14 -4 -16 -23 -15 6 15
40 22 1 -12 -21 -22 1 13
30 32 8 -8 -18 -20 -11 9
22 37 14 -4 -15 -19 -18 4
15 35 21 0 -12 -18 -17 -6
7 27 31 7 -8 -15 -17 -14
0 21 34 14 -4 -13 -16 -13
-8 13 28 26 2 -10 -15 -14
-15 7 23 31 7 -7 -14 -14
-21 1 19 32 13 -3 -12 -14
-29 -5 14 27 23 1 -10 -14
-35 -11 9 23 29 5 -8 -13
-41 -16 4 20 30 10 -5 -12
-43 -24 0 16 26 20 -1 -11
-32 -33 -7 11 23 26 3 -8
-24 -36 -13 7 20 28 7 -6
-16 -30 -26 0 16 25 18 -1
-8 -25 -32 -5 12 22 24 2
0 -18 -28 -20 5 19 23 14
7 -12 -24 -28 -1 14 21 21
13 -6 -21 -31 -7 10 19 20
22 0 -16 -27 -20 4 16 19
30 7 -10 -23 -26 -1 13 18
39 15 -5 -19 -24 -14 8 17
42 24 1 -14 -22 -22 2 15
32 33 7 -10 -20 -26 -2 12
23 36 15 -5 -17 -23 -14 7
15 30 27 1 -13 -20 -21 2
7 25 34 8 -9 -18 -19 -9
0 19 35 15 -4 -15 -19 -17
-8 12 29 26 2 -12 -17 -16
-15 6 24 32 7 -8 -16 -16
-21 0 19 33 13 -5 -14 -15
-29 -6 14 28 24 0 -12 -15
-36 -12 8 23 29 5 -9 -14
-42 -17 4 20 31 9 -6 -13
-44 -25 -1 16 26 20 -2 -12
-33 -35 -8 11 23 26 2 -9
-25 -38 -14 6 20 28 7 -7
-18 -32 -27 0 16 25 18 -2
-10 -27 -34 -7 11 22 24 2
-1 -20 -30 -22 4 18 22 14
5 -14 -26 -29 -2 14 21 21
12 -8 -22 -33 -8 10 19 19
21 0 -18 -28 -21 3 15 19
28 5 -12 -24 -28 -2 12 18
37 13 -6 -20 -25 -16 7 16
41 22 0 -16 -23 -23 1 14
31 33 7 -11 -21 -22 -11 10
23 38 13 -6 -17 -21 -19 5
16 36 21 0 -14 -20 -19 -7
8 29 32 6 -10 -18 -19 -15
1 23 35 13 -5 -16 -18 -15
-7 15 30 26 1 -12 -17 -16
-14 8 25 32 7 -9 -16 -16
-20 2 21 34 13 -5 -14 -16
-28 -4 15 29 24 0 -12 -16
-35 -11 10 24 30 5 -9 -15
-41 -16 5 21 32 10 -6 -14
-43 -24 0 17 27 21 -2 -13
-33 -34 -6 12 24 27 2 -10
-25 -37 -13 8 21 29 7 -7
-17 -31 -26 1 17 26 19 -2
-10 -26 -33 -5 13 23 25 1
-2 -21 -35 -12 8 20 23 12
5 -14 -29 -25 1 16 22 21
13 -8 -24 -31 -5 12 20 20
22 0 -19 -27 -19 6 17 20
31 7 -13 -24 -26 0 14 19
40 15 -6 -20 -24 -14 9 18
44 24 0 -15 -22 -22 3 15
34 34 7 -10 -21 -26 -2 12
26 38 15 -5 -18 -24 -14 8
18 33 29 1 -14 -21 -21 2
9 27 35 8 -9 -19 -20 -9
2 22 37 15 -4 -16 -19 -17
-6 15 31 28 2 -12 -18 -17
-13 8 26 33 8 -9 -17 -16
-19 2 21 35 13 -5 -15 -16
-27 -4 16 30 25 0 -13 -16
-35 -10 10 25 30 5 -10 -15
-40 -16 6 22 32 10 -7 -14
-42 -24 0 18 28 21 -2 -12
-32 -34 -6 13 25 27 2 -10
-25 -37 -12 8 22 30 7 -7
-17 -31 -26 1 18 26 19 -2
-9 -26 -33 -5 13 24 25 2
-2 -21 -35 -12 9 21 23 13
6 -14 -29 -25 1 16 22 21
13 -7 -24 -31 -4 12 20 20
23 0 -18 -27 -19 6 17 20
31 7 -12 -24 -26 0 14 19
41 16 -6 -20 -24 -14 9 18
45 25 0 -15 -22 -22 3 16
35 35 7 -10 -20 -26 -1 13
26 39 15 -5 -18 -23 -13 8
18 33 29 2 -13 -21 -21 2
10 27 36 9 -9 -19 -20 -9
2 22 37 16 -4 -16 -19 -17
-5 15 31 28 2 -12 -18 -17
-12 9 26 34 8 -9 -17 -16
-19 3 22 35 14 -5 -15 -16
-27 -3 17 30 25 0 -12 -15
-34 -10 11 26 31 5 -9 -15
-40 -15 6 23 33 10 -6 -14
-42 -23 0 19 29 21 -2 -12
-32 -33 -5 13 25 27 3 -10
-24 -36 -12 9 23 30 7 -7
-16 -31 -25 2 19 27 19 -2
-9 -25 -32 -4 14 24 26 2
-1 -20 -34 -11 9 21 23 13
7 -14 -29 -24 2 17 22 21
14 -7 -24 -30 -4 13 21 20
23 0 -18 -27 -18 6 18 20
32 8 -12 -23 -26 0 15 20
41 16 -5 -19 -24 -13 10 18
45 25 1 -15 -22 -21 4 16
35 35 7 -10 -20 -26 -1 13
27 39 16 -5 -17 -23 -13 9
19 34 30 2 -13 -21 -21 3
11 28 36 9 -8 -18 -19 -8
3 23 38 16 -3 -15 -19 -16
-5 16 32 29 2 -12 -18 -16
-12 9 27 34 9 -7 -15 -16
-18 3 23 36 15 -4 -14 -16
-27 -3 17 31 26 1 -11 -15
-34 -9 11 26 32 7 -8 -15
-39 -15 6 23 34 11 -5 -13
-42 -23 1 19 29 23 0 -12
-31 -33 -5 14 26 29 4 -9
-24 -36 -12 9 23 31 8 -6
-16 -30 -25 2 19 28 20 -1
-8 -25 -32 -4 14 25 27 3
-1 -20 -34 -11 10 22 25 14
7 -13 -28 -24 3 18 23 22
14 -7 -23 -30 -3 14 22 21
24 0 -18 -27 -18 7 19 21
32 8 -11 -23 -25 1 16 21
42 17 -5 -19 -23 -13 10 20
46 26 1 -14 -21 -21 4 17
36 36 8 -9 -20 -25 0 14
28 40 16 -4 -17 -22 -12 10
19 34 30 3 -12 -20 -20 4
11 29 37 10 -8 -18 -19 -8
4 23 39 17 -3 -15 -18 -16
-4 17 33 29 3 -11 -17 -16
-11 10 28 35 9 -8 -16 -15
-17 4 23 37 15 -4 -14 -15
-26 -2 18 32 26 1 -12 -14
-33 -9 12 27 32 6 -8 -14
-39 -14 7 24 34 11 -5 -13
-41 -22 2 20 30 22 -1 -11
-31 -32 -4 15 27 29 4 -9
-23 -35 -11 10 24 32 8 -6
-15 -30 -24 3 20 28 20 -1
-8 -24 -31 -3 15 25 27 3
0 -19 -33 -10 10 22 25 14
8 -13 -28 -23 3 18 24 22
15 -6 -23 -29 -2 14 22 22
24 1 -17 -26 -17 8 19 22
33 9 -11 -22 -24 1 16 21
42 17 -4 -18 -23 -12 11 20
46 26 2 -14 -21 -20 5 18
36 37 9 -9 -19 -24 0 15
28 40 17 -4 -16 -22 -12 10
20 35 31 3 -12 -19 -19 4
12 29 37 10 -7 -17 -18 -7
4 24 39 18 -2 -14 -17 -14
-4 17 33 30 4 -11 -16 -15
-11 10 28 36 10 -7 -15 -14
-17 5 24 37 15 -3 -13 -14
-25 -2 18 32 27 1 -11 -14
-33 -8 13 28 33 7 -8 -13
-38 -14 8 24 35 12 -5 -12
-40 -22 2 20 30 23 0 -10
-30 -31 -4 15 27 29 5 -8
-22 -35 -10 10 24 32 9 -5
-14 -29 -24 3 20 29 21 0
-7 -24 -31 -3 15 26 27 4
0 -18 -33 -9 11 23 25 15
8 -12 -27 -22 4 19 24 23
16 -5 -22 -29 -2 15 22 22
25 2 -16 -25 -16 8 20 22
34 9 -10 -22 -24 2 16 21
43 18 -4 -18 -22 -11 11 20
47 27 2 -13 -20 -19 6 18
37 37 9 -8 -18 -24 0 15
29 41 17 -3 -16 -21 -11 11
21 36 31 4 -11 -19 -19 5
12 30 38 11 -7 -17 -18 -7
5 25 40 18 -2 -13 -17 -15
-3 18 34 30 4 -10 -16 -14
-10 11 29 36 10 -6 -14 -15
-16 5 24 38 16 -2 -12 -14
-25 -1 19 32 28 3 -10 -14
-32 -8 13 28 34 8 -7 -13
-38 -13 8 25 36 13 -3 -12
-40 -21 2 21 31 24 0 -10
-30 -31 -3 16 28 30 6 -7
-22 -34 -10 11 25 33 10 -5
-14 -29 -23 4 21 30 22 0
-6 -23 -30 -2 16 27 29 4
0 -18 -32 -9 12 24 26 16
9 -11 -27 -22 4 20 25 24
16 -5 -22 -28 -1 16 23 23
26 2 -16 -25 -16 9 21 23
34 10 -10 -21 -23 2 17 22
43 18 -3 -17 -22 -11 12 21
48 28 3 -13 -20 -19 6 19
38 38 10 -8 -18 -24 1 16
29 42 18 -3 -15 -21 -11 11
21 36 32 4 -11 -19 -18 5
13 31 39 12 -6 -16 -17 -6
5 25 40 19 -1 -13 -17 -14
-2 18 35 31 5 -10 -15 -14
-9 12 29 37 11 -6 -14 -13
-16 6 25 38 17 -2 -12 -13
-24 0 20 33 28 2 -10 -13
-31 -7 14 29 34 8 -7 -12
-37 -12 9 26 36 13 -4 -11
-39 -20 3 22 32 24 0 -9
-29 -30 -3 16 28 31 6 -7
-21 -33 -9 12 26 33 10 -4
-13 -28 -23 4 22 30 22 0
-5 -22 -29 -1 17 27 29 5
1 -17 -31 -8 12 24 27 16
10 -10 -26 -21 5 20 26 24
17 -4 -21 -27 -1 16 24 23
26 3 -15 -24 -15 9 21 23
35 11 -9 -20 -23 3 18 23
44 19 -2 -16 -21 -10 13 22
48 28 4 -12 -19 -18 7 19
38 38 11 -7 -17 -23 1 16
30 42 19 -2 -14 -20 -10 12
22 37 33 5 -10 -18 -18 6
14 31 39 12 -5 -15 -17 -6
6 26 41 20 0 -12 -16 -13
-2 19 35 32 6 -9 -14 -13
-9 12 30 38 12 -5 -13 -12
-15 7 26 39 17 -1 -11 -12
-23 0 20 34 29 3 -9 -12
-31 -6 15 30 35 9 -6 -11
-36 -12 10 26 37 14 -3 -10
-38 -20 4 22 32 25 1 -9
-28 -29 -2 17 29 31 6 -6
-20 -33 -8 13 26 34 11 -3
-13 -27 -22 5 22 31 23 1
-5 -22 -29 -1 17 28 29 6
2 -16 -31 -8 13 25 27 17
10 -10 -25 -20 6 21 26 25
18 -3 -20 -27 0 17 24 24
27 4 -14 -23 -14 10 22 24
35 11 -8 -20 -22 4 18 23
45 20 -2 -16 -20 -9 13 22
49 29 4 -11 -18 -17 8 20
39 39 11 -6 -16 -22 2 17
30 43 19 -1 -14 -19 -9 12
22 37 33 6 -9 -17 -17 7
14 32 40 13 -5 -15 -16 -5
7 26 41 20 0 -11 -15 -13
-1 19 36 32 6 -8 -14 -12
-8 13 31 38 12 -4 -12 -12
-14 7 26 40 18 -1 -11 -11
-23 0 21 34 29 4 -8 -11
-30 -6 15 30 35 9 -5 -11
-36 -11 10 27 37 14 -2 -9
-38 -19 5 23 33 25 2 -8
-28 -29 -1 18 29 32 7 -5
-20 -32 -8 13 27 35 11 -3
-12 -27 -21 6 23 31 23 1
-4 -21 -28 0 18 28 30 6
2 -16 -30 -7 13 25 28 17
11 -9 -25 -20 6 21 27 26
18 -3 -20 -26 0 17 25 24
27 4 -14 -23 -14 11 22 25
36 12 -8 -19 -21 4 19 24
45 20 -1 -15 -20 -9 14 23
49 29 5 -10 -18 -17 8 20
39 39 12 -6 -16 -22 3 17
31 43 20 -1 -13 -19 -9 13
23 38 34 6 -9 -17 -16 7
15 32 40 13 -4 -14 -15 -4
7 27 42 20 0 -11 -15 -12
-1 20 36 33 6 -8 -13 -12
-8 13 31 39 13 -3 -11 -12
-14 8 27 40 19 0 -10 -12
-23 0 21 35 30 5 -7 -11
-30 -5 15 31 36 11 -4 -10
-35 -11 10 27 38 16 -1 -9
-38 -19 5 23 33 27 3 -7
-28 -29 -1 18 30 33 8 -5
-20 -32 -8 13 27 36 13 -2
-12 -26 -21 6 23 32 25 2
-4 -21 -28 0 18 29 31 7
2 -16 -30 -7 14 26 29 18
11 -9 -25 -20 7 22 28 27
18 -3 -20 -26 0 18 26 26
28 4 -14 -23 -14 11 23 26
36 12 -8 -19 -21 5 20 25
45 20 -1 -15 -20 -8 15 24
49 30 5 -10 -18 -17 9 21
39 40 12 -6 -16 -21 3 18
31 43 20 0 -13 -19 -8 14
23 38 34 6 -9 -16 -16 8
15 32 41 14 -4 -14 -15 -4
7 27 42 21 0 -11 -14 -12
-1 20 36 33 7 -7 -13 -12
-8 13 31 39 13 -3 -11 -12
-14 7 27 40 19 0 -9 -11
-23 0 21 35 30 5 -7 -11
-30 -6 15 31 36 11 -4 -10
-36 -11 10 27 38 16 -1 -9
-38 -19 4 23 34 27 3 -7
-28 -29 -1 18 30 33 8 -5
-20 -32 -8 13 28 36 13 -2
-12 -27 -21 6 23 32 25 2
-4 -21 -28 0 18 29 31 7
2 -16 -30 -7 14 26 29 18
11 -9 -25 -20 7 22 28 27
18 -3 -20 -26 0 18 26 26
27 4 -14 -23 -14 11 23 26
36 12 -8 -19 -21 5 20 25
45 20 -1 -15 -20 -8 15 24
49 30 5 -11 -18 -17 9 21
39 40 12 -6 -16 -21 3 18
31 43 20 -1 -13 -19 -8 14
23 38 34 6 -9 -17 -16 8
15 32 41 13 -4 -14 -15 -4
7 27 42 21 0 -11 -14 -12
-1 20 36 33 7 -8 -13 -12
-8 13 31 39 13 -4 -12 -11
-14 8 27 40 18 0 -10 -11
-22 1 22 35 30 4 -8 -11
-30 -5 16 31 36 10 -5 -10
-35 -11 11 27 38 15 -2 -9
-38 -19 5 23 33 26 2 -7
-27 -29 -1 18 30 32 7 -5
-19 -32 -7 13 27 35 12 -2
-12 -26 -21 6 23 32 24 2
-4 -21 -28 0 18 29 30 7
2 -16 -30 -7 14 26 28 18
11 -9 -24 -20 7 22 27 26
18 -2 -19 -26 0 18 25 25
28 5 -14 -22 -13 11 23 25
36 12 -7 -19 -21 5 19 24
46 21 -1 -15 -19 -9 14 23
50 30 5 -10 -17 -17 8 21
40 40 12 -5 -16 -21 3 18
32 44 20 0 -13 -18 -8 13
23 38 34 7 -8 -16 -16 8
15 33 41 14 -4 -14 -15 -4
8 27 42 21 0 -11 -14 -12
0 21 37 33 7 -7 -13 -11
-7 14 32 39 13 -3 -11 -11
-13 8 27 41 19 0 -10 -11
-22 1 22 35 30 5 -7 -10
-29 -5 16 31 36 10 -4 -10
-35 -10 11 28 38 15 -1 -9
-37 -18 6 24 34 26 2 -7
-27 -28 0 19 30 33 8 -5
-19 -31 -7 14 28 35 12 -2
-11 -26 -21 7 24 32 24 2
-4 -20 -27 0 19 29 31 7
3 -15 -29 -6 14 26 29 18
12 -8 -24 -19 7 22 28 27
19 -2 -19 -25 0 18 26 25
28 5 -13 -22 -13 12 23 26
37 13 -7 -18 -20 5 20 25
46 21 0 -14 -19 -8 15 24
50 30 6 -10 -17 -16 9 21
40 40 13 -5 -15 -21 4 18
32 44 21 0 -12 -18 -8 14
24 39 35 7 -8 -16 -15 8
16 33 41 14 -3 -13 -14 -3
8 28 43 21 1 -10 -14 -11
0 21 37 34 8 -7 -12 -11
-7 14 32 40 14 -2 -10 -11
-13 9 28 41 20 1 -9 -11
-21 1 22 36 31 6 -6 -10
-29 -4 17 32 37 12 -3 -9
-34 -10 12 28 39 17 0 -8
-37 -18 6 24 35 28 4 -7
-27 -28 0 19 31 34 9 -4
-19 -31 -6 14 28 37 14 -1
-11 -25 -20 7 24 33 26 3
-3 -20 -27 0 19 30 32 8
3 -15 -29 -6 15 27 30 19
12 -8 -23 -19 8 23 29 28
19 -2 -18 -25 1 19 27 26
29 5 -13 -22 -13 12 24 27
37 13 -6 -18 -20 6 21 26
47 22 0 -14 -18 -8 15 25
51 31 6 -9 -16 -16 10 22
41 41 13 -4 -15 -20 4 19
33 45 21 0 -12 -17 -7 15
25 40 35 8 -8 -15 -15 9
16 34 42 15 -3 -13 -14 -3
9 29 44 22 1 -10 -13 -11
0 22 38 34 8 -6 -12 -11
-6 15 33 40 14 -2 -10 -11
-13 9 28 42 20 1 -8 -10
-21 2 23 37 32 7 -6 -10
-28 -4 17 32 37 12 -3 -9
-34 -9 12 29 40 17 0 -8
-36 -18 6 25 35 28 4 -6
-26 -27 0 20 32 34 9 -4
-18 -31 -6 15 29 37 14 -1
-10 -25 -20 8 25 34 26 3
-3 -20 -26 1 20 31 32 8
4 -14 -28 -5 16 28 30 20
12 -8 -23 -18 8 24 29 28
20 -1 -18 -24 2 20 27 27
29 6 -12 -21 -12 13 25 27
38 13 -6 -18 -20 6 21 26
47 22 0 -14 -18 -7 16 25
51 32 7 -9 -16 -15 10 23
41 42 14 -4 -14 -20 5 20
33 45 22 0 -12 -17 -7 15
25 40 36 8 -7 -15 -15 9
17 34 43 15 -3 -12 -14 -2
9 29 44 23 1 -9 -13 -10
1 22 38 35 8 -6 -12 -10
-6 16 33 41 15 -2 -9 -10
-12 10 29 42 21 1 -8 -10
-21 2 23 37 32 7 -5 -10
-28 -3 18 33 38 13 -2 -9
-34 -9 13 29 40 18 0 -7
-36 -17 7 25 36 29 5 -6
-26 -27 0 20 32 35 10 -3
-18 -30 -5 16 30 38 15 0
-10 -25 -19 8 26 34 26 4
-2 -19 -26 1 21 31 33 9
4 -14 -28 -5 16 28 31 20
13 -7 -23 -18 9 24 30 29
20 -1 -18 -24 2 20 28 28
30 6 -12 -21 -12 14 25 28
38 14 -6 -17 -19 7 22 27
48 23 0 -13 -17 -7 17 26
52 32 7 -8 -16 -15 11 23
42 42 14 -4 -14 -19 5 20
33 46 22 1 -11 -17 -6 16
25 40 36 8 -7 -15 -14 10
17 35 43 16 -2 -12 -13 -2
10 29 44 23 2 -9 -12 -10
1 23 39 35 9 -5 -11 -10
-6 16 34 41 15 -1 -9 -10
-12 10 29 43 21 2 -7 -9
-20 3 24 38 33 7 -5 -9
-27 -3 18 33 38 13 -2 -8
-33 -9 13 30 40 18 0 -7
-35 -17 7 26 36 29 5 -5
-26 -27 0 21 33 35 10 -3
-18 -30 -5 16 30 38 15 0
-10 -24 -19 9 26 35 27 4
-2 -19 -26 2 21 32 33 9
4 -14 -28 -4 16 29 31 21
13 -7 -22 -18 9 24 30 29
20 -1 -17 -24 2 20 28 28
30 6 -12 -20 -11 14 25 28
38 14 -5 -17 -19 7 22 27
48 23 0 -13 -17 -6 17 26
52 32 7 -8 -15 -15 11 24
42 42 14 -3 -14 -19 6 21
34 46 22 1 -11 -16 -6 16
26 41 36 9 -6 -14 -14 10
17 35 43 16 -2 -12 -13 -1
10 30 45 23 2 -9 -12 -10
1 23 39 36 9 -5 -11 -9
-5 16 34 41 16 -1 -9 -10
-12 10 29 43 21 2 -7 -9
-20 3 24 38 33 8 -5 -9
-27 -3 18 33 39 13 -2 -8
-33 -8 13 30 41 18 0 -7
-35 -17 7 26 36 30 5 -5
-25 -26 0 21 33 36 11 -2
-17 -30 -5 16 30 38 15 0
-9 -24 -19 9 26 35 27 5
-2 -19 -26 2 21 32 34 9
5 -14 -28 -4 17 29 32 21
13 -7 -22 -17 9 25 30 29
21 0 -17 -24 3 21 29 28
30 7 -11 -20 -11 14 26 28
39 14 -5 -17 -19 7 22 27
48 23 0 -13 -17 -6 17 26
52 32 7 -8 -15 -14 11 24
42 42 14 -3 -13 -19 6 21
34 46 23 1 -11 -16 -6 16
26 41 37 9 -6 -14 -14 10
18 36 44 16 -2 -11 -13 -1
10 30 45 23 2 -8 -12 -9
2 23 39 36 9 -5 -11 -9
-5 17 34 42 16 -1 -9 -9
-11 11 30 43 22 2 -7 -9
-19 3 24 38 33 8 -4 -9
-27 -2 19 34 39 14 -1 -8
-32 -8 14 30 41 19 1 -6
-35 -16 8 26 37 30 6 -5
-25 -26 1 21 33 36 11 -2
-17 -29 -4 16 31 39 16 0
-9 -24 -18 9 27 35 28 5
-1 -18 -25 2 22 32 34 10
5 -13 -27 -4 17 29 32 21
14 -6 -22 -17 10 25 31 30
21 0 -17 -23 3 21 29 29
31 7 -11 -20 -11 15 26 29
39 15 -5 -16 -18 8 23 28
49 24 1 -12 -17 -6 18 27
53 33 8 -7 -15 -14 12 24
43 43 15 -3 -13 -18 6 21
35 47 23 2 -10 -16 -5 17
27 42 37 10 -6 -13 -13 11
18 36 44 17 -1 -11 -12 -1
11 31 46 24 3 -8 -11 -9
2 24 40 36 10 -4 -10 -9
-4 17 35 42 16 0 -8 -9
-11 11 30 44 22 3 -6 -9
-19 4 25 39 34 9 -4 -8
-26 -2 19 34 40 14 -1 -7
-32 -7 14 31 42 19 1 -6
-34 -16 8 27 37 30 6 -4
-25 -25 1 22 34 36 11 -2
-17 -29 -4 17 31 39 16 0
-9 -23 -18 10 27 36 28 5
-1 -18 -25 2 22 33 35 10
5 -13 -27 -3 17 30 33 22
14 -6 -21 -16 10 25 31 30
21 0 -16 -23 3 21 29 29
31 7 -11 -19 -10 15 27 29
39 15 -4 -16 -18 8 23 28
49 24 1 -12 -16 -5 18 27
53 33 8 -7 -14 -14 12 25
43 43 15 -2 -13 -18 7 22
35 47 23 2 -10 -15 -5 17
27 42 38 10 -5 -13 -13 11
19 36 44 17 -1 -11 -12 0
11 31 46 24 3 -8 -11 -9
2 24 40 37 10 -4 -10 -8
-4 17 35 43 17 0 -8 -8
-10 11 31 44 22 3 -6 -8
-19 4 25 39 34 9 -4 -8
-26 -2 19 35 40 14 -1 -7
-32 -7 14 31 42 19 2 -6
-34 -15 8 27 38 30 6 -4
-24 -25 2 22 34 37 12 -1
-16 -28 -4 17 31 39 16 0
-8 -23 -18 10 27 36 28 6
-1 -17 -24 3 22 33 35 10
6 -12 -26 -3 18 30 33 22
14 -6 -21 -16 10 26 31 30
22 0 -16 -22 4 22 30 29
31 8 -10 -19 -10 15 27 29
40 16 -4 -16 -18 9 23 29
49 24 2 -12 -16 -5 18 27
53 34 9 -7 -14 -13 12 25
43 44 16 -2 -12 -18 7 22
35 48 24 2 -9 -15 -5 17
27 42 38 10 -5 -13 -12 11
19 36 45 18 0 -10 -12 0
11 31 46 25 4 -7 -11 -8
3 24 41 37 11 -4 -10 -8
-4 18 35 43 17 0 -8 -7
-10 12 31 44 22 3 -6 -7
-18 5 26 39 34 8 -4 -7
-25 -1 20 35 40 14 -1 -6
-31 -6 15 32 42 19 1 -5
-33 -14 9 28 38 30 6 -4
-23 -24 2 23 34 36 11 -1
-16 -28 -3 18 32 39 16 1
-8 -22 -17 11 28 36 28 6
0 -17 -23 4 23 33 34 11
6 -12 -26 -2 18 30 32 22
15 -5 -20 -15 11 26 31 30
22 1 -15 -22 4 22 30 29
32 9 -9 -18 -9 15 27 29
40 16 -3 -15 -17 9 24 28
50 25 2 -11 -15 -4 18 27
54 34 9 -6 -13 -12 13 25
44 44 16 -1 -11 -17 7 22
36 48 24 3 -9 -14 -4 18
27 42 38 11 -4 -12 -12 12
19 37 45 18 0 -10 -11 0
12 32 46 25 4 -6 -10 -8
3 25 41 37 11 -3 -9 -7
-3 18 36 43 17 0 -7 -8
-10 12 31 45 23 4 -5 -7
-18 5 26 39 35 10 -3 -7
-25 -1 20 35 40 15 0 -6
-31 -6 15 32 42 20 3 -5
-33 -14 9 28 38 32 7 -3
-23 -24 2 23 35 38 13 0
-15 -28 -3 18 32 40 17 1
-8 -22 -17 11 28 37 29 7
0 -17 -24 3 23 34 36 11
7 -12 -26 -2 18 31 33 23
15 -5 -20 -15 11 26 32 31
22 1 -15 -21 4 22 30 30
32 9 -9 -18 -9 16 28 30
40 16 -3 -15 -17 9 24 29
50 25 2 -11 -15 -4 19 28
54 34 9 -6 -13 -12 13 26
44 44 16 -1 -11 -17 8 23
36 48 25 3 -9 -14 -4 18
28 43 39 11 -4 -12 -12 12
19 37 45 18 0 -9 -11 0
12 32 47 25 4 -6 -10 -7
3 25 41 38 11 -3 -9 -7
-3 18 36 43 18 0 -7 -7
-9 12 32 45 23 3 -5 -6
-18 5 26 40 35 9 -3 -6
-25 -1 20 35 40 15 0 -5
-31 -6 15 32 42 19 2 -4
-33 -14 10 28 38 31 7 -3
-23 -24 3 23 35 37 12 0
-15 -27 -3 18 32 40 17 2
-7 -22 -17 11 28 36 29 7
0 -16 -23 4 23 33 35 11
7 -11 -25 -2 18 30 33 23
16 -4 -20 -15 11 26 32 31
23 1 -15 -21 5 22 30 30
33 9 -9 -18 -9 16 27 30
41 17 -3 -14 -16 9 24 29
50 25 3 -10 -15 -4 19 28
55 35 10 -5 -13 -12 13 26
44 45 17 -1 -11 -16 8 23
36 49 25 3 -8 -14 -4 18
28 43 39 11 -4 -12 -11 12
20 37 46 18 0 -9 -10 0
12 32 47 26 5 -6 -10 -7
4 25 41 38 12 -3 -8 -7
-2 19 36 44 18 0 -7 -6
-9 13 32 45 23 4 -5 -6
-17 6 27 40 35 9 -3 -6
-24 0 21 36 41 15 0 -5
-30 -5 16 32 43 20 2 -4
-32 -13 10 28 39 31 7 -2
-22 -23 3 23 35 37 12 0
-14 -26 -2 19 32 40 17 2
-6 -21 -16 12 28 37 29 7
0 -15 -22 5 24 34 35 12
8 -10 -24 -1 19 31 33 23
17 -4 -19 -14 12 27 32 31
24 2 -14 -20 5 23 30 30
33 10 -8 -17 -8 16 28 30
42 18 -2 -14 -16 10 24 29
51 26 4 -10 -14 -3 20 28
55 35 11 -5 -12 -11 14 26
45 45 17 0 -10 -16 8 23
37 49 26 4 -7 -13 -3 19
29 44 40 12 -3 -11 -11 13
21 38 46 19 0 -8 -10 1
13 33 48 26 5 -5 -9 -6
4 26 42 39 12 -2 -7 -6
-2 19 37 44 19 1 -6 -5
-8 13 33 46 24 5 -4 -5
-17 6 27 41 36 10 -2 -5
-24 0 21 36 41 16 0 -4
-29 -5 17 33 43 20 3 -3
-32 -13 11 29 39 32 8 -2
-22 -23 4 24 36 38 13 0
-14 -26 -1 19 33 41 18 3
-6 -20 -15 12 29 37 30 8
1 -15 -22 5 24 34 36 12
8 -10 -24 -1 20 32 34 24
17 -3 -18 -14 12 27 33 32
24 2 -13 -20 6 23 31 31
34 10 -8 -17 -8 17 28 31
42 18 -1 -13 -15 10 25 30
51 26 4 -9 -13 -3 20 29
55 36 11 -4 -12 -11 14 27
45 46 18 0 -10 -15 9 24
37 49 26 5 -7 -13 -3 19
29 44 40 12 -3 -10 -10 13
21 38 46 20 1 -8 -9 1
13 33 48 27 6 -5 -8 -6
5 26 42 39 13 -1 -7 -6
-2 20 37 45 19 1 -6 -5
-8 14 33 46 24 5 -4 -5
-16 7 27 41 36 10 -2 -5
-23 0 22 37 42 16 0 -4
-29 -4 17 33 44 21 4 -3
-31 -13 11 29 39 32 8 -1
-21 -22 4 24 36 38 14 0
-13 -26 -1 19 33 41 18 3
-5 -20 -15 12 29 38 30 8
1 -14 -21 5 24 35 36 13
9 -9 -23 0 20 32 34 24
17 -3 -18 -13 13 28 33 32
25 3 -13 -19 6 24 31 31
34 11 -7 -16 -7 17 29 31
43 18 -1 -13 -15 11 25 30
52 27 4 -9 -13 -2 20 29
56 36 11 -4 -11 -10 15 27
46 46 18 0 -9 -15 9 24
38 50 26 5 -7 -12 -2 20
29 44 40 13 -2 -10 -10 14
21 39 47 20 1 -7 -9 1
14 33 49 27 6 -4 -8 -6
5 27 43 40 13 -1 -7 -5
-1 20 38 45 20 2 -5 -5
-8 14 33 47 25 6 -3 -5
-16 7 28 41 37 12 0 -5
-23 0 22 37 43 17 2 -4
-29 -4 17 34 45 22 5 -3
-31 -12 11 30 40 33 9 -1
-21 -22 5 25 37 39 15 1
-13 -25 -1 20 34 42 19 4
-5 -20 -14 13 30 39 31 9
1 -14 -21 6 25 36 37 13
9 -9 -23 0 21 33 35 25
17 -3 -18 -13 13 29 34 33
25 3 -13 -19 7 25 32 32
34 11 -7 -16 -7 18 30 32
43 19 -1 -12 -15 11 26 31
52 27 5 -9 -13 -2 21 30
56 37 12 -4 -11 -10 15 28
46 47 19 0 -9 -15 10 25
38 50 27 5 -6 -12 -2 20
30 45 41 13 -2 -10 -9 14
22 39 48 20 2 -7 -8 2
14 34 49 28 7 -4 -8 -5
6 27 44 40 13 -1 -7 -5
-1 21 38 46 20 3 -4 -5
-7 15 34 47 26 6 -3 -5
-15 7 28 42 37 12 0 -4
-23 1 23 38 43 18 2 -4
-28 -4 18 34 45 23 5 -2
-31 -12 12 30 41 34 10 -1
-21 -22 5 25 37 40 15 1
-13 -25 0 21 35 43 20 4
-5 -19 -14 13 31 39 32 9
2 -14 -21 6 26 36 38 14
9 -9 -23 0 21 33 36 25
18 -2 -18 -13 14 29 35 34
25 3 -13 -19 7 25 33 33
35 11 -7 -16 -6 19 30 33
43 19 -1 -12 -14 12 27 32
53 28 5 -8 -13 -1 22 31
57 37 12 -3 -11 -10 16 29
46 47 19 0 -9 -14 10 25
38 51 27 6 -6 -12 -1 21
30 45 41 13 -2 -9 -9 15
22 40 48 21 2 -7 -8 2
14 34 49 28 7 -4 -7 -5
