-2 17 30 10 -3 -11 -14 -7
-8 12 32 13 -1 -10 -12 -7
-15 7 28 19 1 -8 -11 -8
-22 1 21 26 6 -5 -10 -9
-27 -4 16 29 9 -3 -9 -9
-32 -9 12 28 14 0 -8 -9
-39 -15 7 22 22 3 -6 -9
-40 -21 2 18 26 6 -4 -9
-40 -26 -2 15 27 11 -2 -8
-30 -34 -8 10 22 20 1 -7
-22 -36 -14 5 18 24 4 -5
-15 -29 -26 0 15 25 10 -2
-7 -24 -32 -6 11 21 18 0
0 -18 -27 -20 4 18 23 6
7 -11 -23 -27 -1 13 20 15
15 -5 -19 -25 -16 7 18 21
23 1 -14 -22 -23 1 14 19
29 7 -9 -20 -27 -4 11 17
37 14 -4 -16 -23 -15 6 15
40 22 1 -12 -21 -22 1 13
30 32 8 -8 -18 -20 -11 9
22 37 14 -4 -15 -19 -18 4
15 35 21 0 -12 -18 -17 -6
7 27 31 7 -8 -15 -17 -14
0 21 34 14 -4 -13 -16 -13
-8 13 28 26 2 -10 -15 -14
-15 7 23 31 7 -7 -14 -14
-21 1 19 32 13 -3 -12 -14
-29 -5 14 27 23 1 -10 -14
-35 -11 9 23 29 5 -8 -13
-41 -16 4 20 30 10 -5 -12
-43 -24 0 16 26 20 -1 -11
-32 -33 -7 11 23 26 3 -8
-24 -36 -13 7 20 28 7 -6
-16 -30 -26 0 16 25 18 -1
-8 -25 -32 -5 12 22 24 2
0 -18 -28 -20 5 19 23 14
7 -12 -24 -28 -1 14 21 21
13 -6 -21 -31 -7 10 19 20
22 0 -16 -27 -20 4 16 19
30 7 -10 -23 -26 -1 13 18
39 15 -5 -19 -24 -14 8 17
42 24 1 -14 -22 -22 2 15
32 33 7 -10 -20 -26 -2 12
23 36 15 -5 -17 -23 -14 7
15 30 27 1 -13 -20 -21 2
7 25 34 8 -9 -18 -19 -9
0 19 35 15 -4 -15 -19 -17
-8 12 29 26 2 -12 -17 -16
-15 6 24 32 7 -8 -16 -16
-21 0 19 33 13 -5 -14 -15
-29 -6 14 28 24 0 -12 -15
-36 -12 8 23 29 5 -9 -14
-42 -17 4 20 31 9 -6 -13
-44 -25 -1 16 26 20 -2 -12
-33 -35 -8 11 23 26 2 -9
-25 -38 -14 6 20 28 7 -7
-18 -32 -27 0 16 25 18 -2
-10 -27 -34 -7 11 22 24 2
-1 -20 -30 -22 4 18 22 14
5 -14 -26 -29 -2 14 21 21
12 -8 -22 -33 -8 10 19 19
21 0 -18 -28 -21 3 15 19
28 5 -12 -24 -28 -2 12 18
37 13 -6 -20 -25 -16 7 16
41 22 0 -16 -23 -23 1 14
31 33 7 -11 -21 -22 -11 10
23 38 13 -6 -17 -21 -19 5
16 36 21 0 -14 -20 -19 -7
8 29 32 6 -10 -18 -19 -15
1 23 35 13 -5 -16 -18 -15
-7 15 30 26 1 -12 -17 -16
-14 8 25 32 7 -9 -16 -16
-20 2 21 34 13 -5 -14 -16
-28 -4 15 29 24 0 -12 -16
-35 -11 10 24 30 5 -9 -15
-41 -16 5 21 32 10 -6 -14
-43 -24 0 17 27 21 -2 -13
-33 -34 -6 12 24 27 2 -10
-25 -37 -13 8 21 29 7 -7
-17 -31 -26 1 17 26 19 -2
-10 -26 -33 -5 13 23 25 1
-2 -21 -35 -12 8 20 23 12
5 -14 -29 -25 1 16 22 21
13 -8 -24 -31 -5 12 20 20
22 0 -19 -27 -19 6 17 20
31 7 -13 -24 -26 0 14 19
40 15 -6 -20 -24 -14 9 18
44 24 0 -15 -22 -22 3 15
34 34 7 -10 -21 -26 -2 12
26 38 15 -5 -18 -24 -14 8
18 33 29 1 -14 -21 -21 2
9 27 35 8 -9 -19 -20 -9
2 22 37 15 -4 -16 -19 -17
-6 15 31 28 2 -12 -18 -17
-13 8 26 33 8 -9 -17 -16
-19 2 21 35 13 -5 -15 -16
-27 -4 16 30 25 0 -13 -16
-35 -10 10 25 30 5 -10 -15
-40 -16 6 22 32 10 -7 -14
-42 -24 0 18 28 21 -2 -12
-32 -34 -6 13 25 27 2 -10
-25 -37 -12 8 22 30 7 -7
-17 -31 -26 1 18 26 19 -2
-9 -26 -33 -5 13 24 25 2
-2 -21 -35 -12 9 21 23 13
6 -14 -29 -25 1 16 22 21
13 -7 -24 -31 -4 12 20 20
23 0 -18 -27 -19 6 17 20
31 7 -12 -24 -26 0 14 19
41 16 -6 -20 -24 -14 9 18
45 25 0 -15 -22 -22 3 16
35 35 7 -10 -20 -26 -1 13
26 39 15 -5 -18 -23 -13 8
18 33 29 2 -13 -21 -21 2
10 27 36 9 -9 -19 -20 -9
2 22 37 16 -4 -16 -19 -17
-5 15 31 28 2 -12 -18 -17
-12 9 26 34 8 -9 -17 -16
-19 3 22 35 14 -5 -15 -16
-27 -3 17 30 25 0 -12 -15
-34 -10 11 26 31 5 -9 -15
-40 -15 6 23 33 10 -6 -14
-42 -23 0 19 29 21 -2 -12
-32 -33 -5 13 25 27 3 -10
-24 -36 -12 9 23 30 7 -7
-16 -31 -25 2 19 27 19 -2
-9 -25 -32 -4 14 24 26 2
-1 -20 -34 -11 9 21 23 13
7 -14 -29 -24 2 17 22 21
14 -7 -24 -30 -4 13 21 20
23 0 -18 -27 -18 6 18 20
32 8 -12 -23 -26 0 15 20
41 16 -5 -19 -24 -13 10 18
45 25 1 -15 -22 -21 4 16
35 35 7 -10 -20 -26 -1 13
27 39 16 -5 -17 -23 -13 9
19 34 30 2 -13 -21 -21 3
11 28 36 9 -8 -18 -19 -8
3 23 38 16 -3 -15 -19 -16
-5 16 32 29 2 -12 -18 -16
-12 9 27 34 9 -7 -15 -16
-18 3 23 36 15 -4 -14 -16
-27 -3 17 31 26 1 -11 -15
-34 -9 11 26 32 7 -8 -15
-39 -15 6 23 34 11 -5 -13
-42 -23 1 19 29 23 0 -12
-31 -33 -5 14 26 29 4 -9
-24 -36 -12 9 23 31 8 -6
-16 -30 -25 2 19 28 20 -1
-8 -25 -32 -4 14 25 27 3
-1 -20 -34 -11 10 22 25 14
7 -13 -28 -24 3 18 23 22
14 -7 -23 -30 -3 14 22 21
24 0 -18 -27 -18 7 19 21
32 8 -11 -23 -25 1 16 21
42 17 -5 -19 -23 -13 10 20
46 26 1 -14 -21 -21 4 17
36 36 8 -9 -20 -25 0 14
28 40 16 -4 -17 -22 -12 10
19 34 30 3 -12 -20 -20 4
11 29 37 10 -8 -18 -19 -8
4 23 39 17 -3 -15 -18 -16
-4 17 33 29 3 -11 -17 -16
-11 10 28 35 9 -8 -16 -15
-17 4 23 37 15 -4 -14 -15
-26 -2 18 32 26 1 -12 -14
-33 -9 12 27 32 6 -8 -14
-39 -14 7 24 34 11 -5 -13
-41 -22 2 20 30 22 -1 -11
-31 -32 -4 15 27 29 4 -9
-23 -35 -11 10 24 32 8 -6
-15 -30 -24 3 20 28 20 -1
-8 -24 -31 -3 15 25 27 3
0 -19 -33 -10 10 22 25 14
8 -13 -28 -23 3 18 24 22
15 -6 -23 -29 -2 14 22 22
24 1 -17 -26 -17 8 19 22
33 9 -11 -22 -24 1 16 21
42 17 -4 -18 -23 -12 11 20
46 26 2 -14 -21 -20 5 18
36 37 9 -9 -19 -24 0 15
28 40 17 -4 -16 -22 -12 10
20 35 31 3 -12 -19 -19 4
12 29 37 10 -7 -17 -18 -7
4 24 39 18 -2 -14 -17 -14
-4 17 33 30 4 -11 -16 -15
-11 10 28 36 10 -7 -15 -14
-17 5 24 37 15 -3 -13 -14
-25 -2 18 32 27 1 -11 -14
-33 -8 13 28 33 7 -8 -13
-38 -14 8 24 35 12 -5 -12
-40 -22 2 20 30 23 0 -10
-30 -31 -4 15 27 29 5 -8
-22 -35 -10 10 24 32 9 -5
-14 -29 -24 3 20 29 21 0
-7 -24 -31 -3 15 26 27 4
0 -18 -33 -9 11 23 25 15
8 -12 -27 -22 4 19 24 23
16 -5 -22 -29 -2 15 22 22
25 2 -16 -25 -16 8 20 22
34 9 -10 -22 -24 2 16 21
43 18 -4 -18 -22 -11 11 20
47 27 2 -13 -20 -19 6 18
37 37 9 -8 -18 -24 0 15
29 41 17 -3 -16 -21 -11 11
21 36 31 4 -11 -19 -19 5
12 30 38 11 -7 -17 -18 -7
5 25 40 18 -2 -13 -17 -15
-3 18 34 30 4 -10 -16 -14
-10 11 29 36 10 -6 -14 -15
-16 5 24 38 16 -2 -12 -14
-25 -1 19 32 28 3 -10 -14
-32 -8 13 28 34 8 -7 -13
-38 -13 8 25 36 13 -3 -12
-40 -21 2 21 31 24 0 -10
-30 -31 -3 16 28 30 6 -7
-22 -34 -10 11 25 33 10 -5
-14 -29 -23 4 21 30 22 0
-6 -23 -30 -2 16 27 29 4
0 -18 -32 -9 12 24 26 16
9 -11 -27 -22 4 20 25 24
16 -5 -22 -28 -1 16 23 23
26 2 -16 -25 -16 9 21 23
34 10 -10 -21 -23 2 17 22
43 18 -3 -17 -22 -11 12 21
48 28 3 -13 -20 -19 6 19
38 38 10 -8 -18 -24 1 16
29 42 18 -3 -15 -21 -11 11
21 36 32 4 -11 -19 -18 5
13 31 39 12 -6 -16 -17 -6
5 25 40 19 -1 -13 -17 -14
-2 18 35 31 5 -10 -15 -14
-9 12 29 37 11 -6 -14 -13
-16 6 25 38 17 -2 -12 -13
-24 0 20 33 28 2 -10 -13
-31 -7 14 29 34 8 -7 -12
-37 -12 9 26 36 13 -4 -11
-39 -20 3 22 32 24 0 -9
-29 -30 -3 16 28 31 6 -7
-21 -33 -9 12 26 33 10 -4
-13 -28 -23 4 22 30 22 0
-5 -22 -29 -1 17 27 29 5
1 -17 -31 -8 12 24 27 16
10 -10 -26 -21 5 20 26 24
17 -4 -21 -27 -1 16 24 23
26 3 -15 -24 -15 9 21 23
35 11 -9 -20 -23 3 18 23
44 19 -2 -16 -21 -10 13 22
48 28 4 -12 -19 -18 7 19
38 38 11 -7 -17 -23 1 16
30 42 19 -2 -14 -20 -10 12
22 37 33 5 -10 -18 -18 6
14 31 39 12 -5 -15 -17 -6
6 26 41 20 0 -12 -16 -13
-2 19 35 32 6 -9 -14 -13
-9 12 30 38 12 -5 -13 -12
-15 7 26 39 17 -1 -11 -12
-23 0 20 34 29 3 -9 -12
-31 -6 15 30 35 9 -6 -11
-36 -12 10 26 37 14 -3 -10
-38 -20 4 22 32 25 1 -9
-28 -29 -2 17 29 31 6 -6
-20 -33 -8 13 26 34 11 -3
-13 -27 -22 5 22 31 23 1
-5 -22 -29 -1 17 28 29 6
2 -16 -31 -8 13 25 27 17
10 -10 -25 -20 6 21 26 25
18 -3 -20 -27 0 17 24 24
27 4 -14 -23 -14 10 22 24
35 11 -8 -20 -22 4 18 23
45 20 -2 -16 -20 -9 13 22
49 29 4 -11 -18 -17 8 20
39 39 11 -6 -16 -22 2 17
30 43 19 -1 -14 -19 -9 12
22 37 33 6 -9 -17 -17 7
14 32 40 13 -5 -15 -16 -5
7 26 41 20 0 -11 -15 -13
-1 19 36 32 6 -8 -14 -12
-8 13 31 38 12 -4 -12 -12
-14 7 26 40 18 -1 -11 -11
-23 0 21 34 29 4 -8 -11
-30 -6 15 30 35 9 -5 -11
-36 -11 10 27 37 14 -2 -9
-38 -19 5 23 33 25 2 -8
-28 -29 -1 18 29 32 7 -5
-20 -32 -8 13 27 35 11 -3
-12 -27 -21 6 23 31 23 1
-4 -21 -28 0 18 28 30 6
2 -16 -30 -7 13 25 28 17
11 -9 -25 -20 6 21 27 26
18 -3 -20 -26 0 17 25 24
27 4 -14 -23 -14 11 22 25
36 12 -8 -19 -21 4 19 24
45 20 -1 -15 -20 -9 14 23
49 29 5 -10 -18 -17 8 20
39 39 12 -6 -16 -22 3 17
31 43 20 -1 -13 -19 -9 13
23 38 34 6 -9 -17 -16 7
15 32 40 13 -4 -14 -15 -4
7 27 42 20 0 -11 -15 -12
